Adobe After Effects 6.0 Keyframe Data

	Units Per Second	15
	Source Width	854
	Source Height	480
	Source Pixel Aspect Ratio	0.999175
	Comp Pixel Aspect Ratio	0.999175

Effects	ADBE Corner Pin #1	ADBE Corner Pin-0001
	Frame	X pixels	Y pixels	
	0	298.015	373.202	
	1	298.015	373.202	
	2	298.015	373.202	
	3	298.015	373.202	
	4	298.015	373.202	
	5	298.015	373.202	
	6	298.015	373.202	
	7	298.015	373.202	
	8	298.015	373.202	
	9	298.015	373.202	
	10	298.015	373.202	
	11	298.015	373.202	
	12	298.015	373.202	
	13	298.015	373.202	
	14	298.015	373.202	
	15	298.015	373.202	
	16	298.015	373.202	
	17	298.015	373.202	
	18	298.015	373.202	
	19	298.015	373.202	
	20	298.015	373.202	
	21	298.015	373.202	
	22	298.015	373.202	
	23	298.015	373.202	
	24	298.015	373.202	
	25	298.015	373.202	
	26	298.015	373.202	
	27	298.015	373.202	
	28	298.015	373.202	
	29	298.015	373.202	
	30	298.015	373.202	
	31	298.015	373.202	
	32	298.015	373.202	
	33	298.015	373.202	
	34	298.015	373.202	
	35	298.015	373.202	
	36	298.015	373.202	
	37	298.015	373.202	
	38	298.015	373.202	
	39	298.015	373.202	
	40	298.015	373.202	
	41	298.015	373.202	
	42	298.015	373.202	
	43	298.015	373.202	
	44	298.015	373.202	
	45	298.015	373.202	
	46	298.015	373.202	
	47	298.015	373.202	
	48	298.015	373.202	
	49	298.015	373.202	
	50	298.015	373.202	
	51	298.015	373.202	
	52	298.015	373.202	
	53	298.015	373.202	
	54	298.015	373.202	
	55	298.015	373.202	
	56	298.015	373.202	
	57	298.015	373.202	
	58	298.015	373.202	
	59	298.015	373.202	
	60	298.015	373.202	
	61	298.015	373.202	
	62	298.015	373.202	
	63	298.015	373.202	
	64	298.015	373.202	
	65	298.015	373.202	
	66	298.015	373.202	
	67	298.015	373.202	
	68	298.015	373.202	
	69	298.015	373.202	
	70	298.015	373.202	
	71	298.015	373.202	
	72	298.015	373.202	
	73	298.015	373.202	
	74	298.015	373.202	
	75	298.015	373.202	
	76	298.015	373.202	
	77	298.015	373.202	
	78	298.015	373.202	
	79	298.015	373.202	
	80	298.015	373.202	
	81	298.015	373.202	
	82	298.015	373.202	
	83	298.015	373.202	
	84	298.015	373.202	
	85	298.015	373.202	
	86	298.015	373.202	
	87	298.015	373.202	
	88	298.015	373.202	
	89	298.015	373.202	
	90	298.015	373.202	
	91	298.015	373.202	
	92	298.015	373.202	
	93	298.015	373.202	
	94	298.015	373.202	
	95	297.654	326.231	
	96	300.426	260.455	
	97	301.91	234.292	
	98	304.998	198.641	
	99	306.727	178.571	
	100	307.516	171.527	
	101	309.438	160.352	
	102	310.522	157.072	
	103	311.925	157.528	
	104	312.855	162.053	
	105	313.154	162.473	
	106	313.12	161.122	
	107	313.385	160.673	
	108	313.383	163.03	
	109	312.072	169.296	
	110	311.845	172.142	
	111	312.031	176.037	
	112	312.031	177.911	
	113	311.614	181.373	
	114	311.405	184.155	
	115	311.355	184.763	
	116	310.91	184.691	
	117	310.515	184.558	
	118	310.658	183.834	
	119	312.076	183.029	
	120	312.602	182.801	
	121	313.323	182.426	
	122	313.461	182.43	
	123	313.977	182.538	
	124	314.233	183.001	
	125	314.238	183.437	
	126	314.413	184.416	
	127	314.564	184.803	
	128	314.508	185.275	
	129	314.779	185.803	
	130	315.14	186.056	
	131	315.633	186.427	
	132	315.659	186.517	
	133	315.274	186.292	
	134	313.956	186.382	
	135	313.094	186.481	
	136	311.78	186.776	
	137	311.302	186.723	
	138	310.706	185.343	
	139	310.036	181.628	
	140	309.857	179.002	
	141	310.885	173.414	
	142	312.065	171.284	
	143	315.84	169.829	
	144	319.757	171.827	
	145	320.74	173.299	
	146	322.024	175.746	
	147	322.893	176.554	
	148	325.071	178.109	
	149	327.548	179.636	
	150	328.766	180.338	
	151	331.507	181.259	
	152	332.855	181.383	
	153	334.81	181.179	
	154	336.286	181.145	
	155	337.171	181.221	
	156	338.519	181.368	
	157	338.855	181.363	
	158	338.634	180.814	
	159	336.527	178.476	
	160	334.331	176.469	
	161	327.558	171.122	
	162	322.829	168.166	
	163	312.411	163.185	
	164	304.793	159.572	
	165	301.977	158.555	
	166	297.886	158.673	
	167	296.464	159.821	
	168	294.133	164.77	
	169	293.459	171.333	
	170	293.933	173.949	
	171	295.501	175.733	
	172	296.511	175.378	
	173	298.947	174.042	
	174	300.986	172.933	
	175	301.411	172.569	
	176	301.695	172.311	
	177	301.599	172.405	
	178	301.254	172.793	
	179	301.336	173.11	
	180	301.56	173.402	
	181	302.235	174.295	
	182	302.675	174.92	
	183	303.788	176.099	
	184	304.856	176.526	
	185	305.528	176.352	
	186	307.228	175.893	
	187	308.188	175.591	
	188	310.196	174.703	
	189	312.008	172.843	
	190	312.032	171.342	
	191	308.139	169.64	
	192	304.932	169.806	
	193	296.823	170.905	
	194	284.25	171.128	
	195	275.384	171.454	
	196	253.279	171.975	
	197	241.595	171.627	
	198	219.515	169.704	
	199	202.057	165.728	
	200	195.162	163.37	
	201	184.41	159.173	
	202	180.816	157.763	
	203	176.078	155.839	
	204	173.954	154.178	
	205	173.589	154.431	
	206	175.029	156.331	
	207	176.665	156.815	
	208	181.247	155.962	
	209	186.643	153.49	
	210	189.283	152.683	
	211	194.816	153.339	
	212	198.214	154.358	
	213	204.989	155.488	
	214	210.439	155.315	
	215	211.873	154.864	
	216	212.73	154.405	
	217	213.141	154.197	
	218	213.475	155.111	
	219	212.455	155.786	
	220	210.603	156.967	
	221	206.659	158.641	
	222	205.007	158.935	
	223	202.452	158.7	
	224	200.572	158.483	
	225	199.774	158.204	
	226	198.257	158.198	
	227	197.598	158.434	
	228	196.368	159.458	
	229	194.783	160.694	
	230	193.704	160.706	
	231	190.334	159.814	
	232	188.863	158.607	
	233	185.803	155.832	
	234	183.372	153.752	
	235	182.612	153.482	
	236	181.213	154.189	
	237	180.669	154.488	
	238	178.554	153.113	
	239	174.701	150.118	
	240	172.922	148.219	
	241	170.376	145.115	
	242	169.845	144.353	
	243	169.809	143.898	
	244	170.242	144.469	
	245	170.393	144.985	
	246	170.937	145.591	
	247	171.189	145.614	
	248	171.277	145.956	
	249	172.052	146.216	
	250	172.669	146.192	
	251	173.381	146.299	
	252	174.287	146.699	
	253	174.889	147.009	
	254	175.116	147.104	
	255	175.098	147.3	
	256	175.04	147.44	
	257	174.948	147.655	
	258	174.316	147.787	
	259	173.778	147.906	
	260	172.744	148.068	
	261	172.391	148.175	
	262	171.998	148.304	
	263	171.82	148.555	
	264	171.787	148.669	
	265	171.319	149.164	
	266	170.941	149.102	
	267	170.197	148.885	
	268	170.398	148.689	
	269	170.474	148.734	
	270	170.556	149.346	
	271	171.085	149.544	
	272	172.293	150.164	
	273	173.28	150.994	
	274	173.612	151.29	
	275	173.877	151.38	
	276	173.681	151.396	
	277	173.428	151.342	
	278	173.529	151.142	
	279	173.719	151.043	
	280	174.788	151.281	
	281	175.443	151.619	
	282	177.186	152.323	
	283	178.261	152.864	
	284	178.409	152.938	
	285	178.048	152.616	
	286	177.557	152.304	
	287	176.234	151.807	
	288	175.643	151.428	
	289	175.722	151.32	
	290	175.683	151.379	
	291	175.582	151.484	
	292	175.399	151.832	
	293	175.231	152.066	
	294	175.184	152.08	
	295	174.655	152.062	
	296	174.246	152.048	
	297	173.429	152.368	
	298	172.565	153.942	
	299	171.818	154.666	
	300	171	155.051	
	301	170.967	154.951	
	302	171.492	154.484	
	303	171.627	154.18	
	304	171.725	154.015	
	305	171.308	153.854	
	306	170.92	153.938	
	307	169.989	154.103	
	308	169.689	153.83	
	309	169.666	153.437	
	310	169.377	152.703	
	311	169.144	152.209	
	312	168.308	151.447	
	313	167.182	151.156	
	314	166.832	151.063	
	315	166.077	150.741	
	316	165.655	150.413	
	317	164.699	149.521	
	318	163.821	148.7	
	319	163.618	148.353	
	320	163.67	147.882	
	321	163.791	147.731	
	322	163.676	147.335	
	323	163.124	146.845	
	324	163.08	146.664	
	325	163.382	146.325	
	326	163.681	146.309	
	327	164.108	146.35	
	328	163.755	146.342	
	329	163.445	146.304	
	330	163.293	146.444	
	331	163.581	146.78	
	332	164.742	147.735	
	333	165.895	148.459	
	334	166.162	148.731	
	335	166.404	149.083	
	336	166.335	149.152	
	337	165.92	149.217	
	338	165.331	149.058	
	339	165.157	148.977	
	340	165.015	149.095	
	341	165.001	149.24	
	342	165	149.533	
	343	164.532	149.681	
	344	164.426	149.641	
	345	164.606	149.397	
	346	164.793	149.369	
	347	164.879	149.462	
	348	164.675	149.811	
	349	164.602	149.948	
	350	164.848	150.128	
	351	165.405	150.398	
	352	166.677	150.769	
	353	166.374	150.366	
	354	165.414	149.637	
	355	163.8	148.067	
	356	163.503	147.6	
	357	163.959	147.614	
	358	164.686	148.287	
	359	165.349	148.651	
	360	167.017	149.548	
	361	167.914	149.883	
	362	168.539	149.97	
	363	167.481	149.732	
	364	167.048	149.579	
	365	166.72	149.312	
	366	166.849	149.26	
	367	167.158	149.303	
	368	167.279	149.787	
	369	167.318	150.056	
	370	167.313	150.217	
	371	167.145	150.172	
	372	166.883	149.936	
	373	166.918	150.052	
	374	166.919	150.056	
	375	167.239	150.48	
	376	167.898	150.687	
	377	168.364	150.34	
	378	168.378	150.177	
	379	168.474	150.055	
	380	168.718	149.891	
	381	168.955	149.756	
	382	169.661	149.336	
	383	170.054	148.977	
	384	170.063	148.888	
	385	169.83	148.898	
	386	169.274	148.877	
	387	167.748	148.07	
	388	167.277	148.058	
	389	167.652	148.634	
	390	168.777	149.365	
	391	169.333	149.468	
	392	170.275	149.825	
	393	170.381	149.946	
	394	170.059	150.046	
	395	168.284	149.591	
	396	166.965	149.2	
	397	164.124	149.771	
	398	162.758	152.31	
	399	165.678	153.221	
	400	169.151	152.543	
	401	173.401	152.038	
	402	182.705	152.178	
	403	194.823	152.828	
	404	202.276	152.731	
	405	219.075	151.813	
	406	227.856	151.464	
	407	253.644	150.094	
	408	262.337	149.998	
	409	270.277	149.886	
	410	284.718	148.574	
	411	291.447	147.135	
	412	303.751	145.026	
	413	313.631	143.971	
	414	320.671	142.36	
	415	322.929	141.497	
	416	324.029	140.759	
	417	323.98	140.485	
	418	322.189	141.008	
	419	321.003	141.128	
	420	317.487	141.094	
	421	313.69	142.237	
	422	308.568	144.816	
	423	307.354	145.474	
	424	306.497	145.797	
	425	304.51	146.872	
	426	303.852	147.466	
	427	304.229	149.545	
	428	306.036	151.141	
	429	307.322	151.313	
	430	307.973	151.113	
	431	308.784	151.212	
	432	309.411	151.514	
	433	308.511	149.607	
	434	307.562	146.814	
	435	304.577	138.925	
	436	301.852	129.278	
	437	300.398	117.212	
	438	300.217	115.706	
	439	299.31	115.94	
	440	296.075	118.145	
	441	295.302	120.166	
	442	295.301	126.158	
	443	293.926	133.646	
	444	289.101	143.108	
	445	286.885	147.494	
	446	285.287	150.824	
	447	282.789	154.083	
	448	279.299	155.237	
	449	277.908	155.19	
	450	276.185	153.456	
	451	275.676	152.54	
	452	273.531	148.881	
	453	272.595	147.78	
	454	272.238	147.149	
	455	273.278	145.956	
	456	274.165	145.358	
	457	275.575	145.817	
	458	275.405	148.57	
	459	274.672	151.657	
	460	274.862	152.848	
	461	274.872	153.703	
	462	274.182	154.107	
	463	272.268	152.866	
	464	271.254	151.932	
	465	270.664	149.476	
	466	270.573	148.085	
	467	270.579	144.888	
	468	270.633	144.151	
	469	270.873	143.407	
	470	271.746	141.97	
	471	272.447	141.584	
	472	272.596	141.38	
	473	270.991	141.173	
	474	269.112	140.159	
	475	268.566	139.567	
	476	268.206	139.265	
	477	267.587	139.645	
	478	268.536	139.454	
	479	269.134	139.315	
	480	269.693	138.733	
	481	269.741	138.674	
	482	269.753	139.074	
	483	269.828	139.227	
	484	269.829	139.224	
	485	270.219	139.493	
	486	270.61	139.217	
	487	270.594	138.844	
	488	270.062	137.678	
	489	270.463	135.784	
	490	270.621	135.382	
	491	270.675	134.943	
	492	270.634	134.409	
	493	270.871	134.048	
	494	271.046	134.077	
	495	271.674	134.369	
	496	271.924	134.521	
	497	272.689	133.883	
	498	273.038	133.407	
	499	273.187	132.615	
	500	273.197	131.919	
	501	272.905	130.743	
	502	273.552	129.586	
	503	274.183	129.289	
	504	273.597	130.071	
	505	271.96	130.188	
	506	271.48	130.046	
	507	271.046	130.33	
	508	271.03	131.236	
	509	270.831	133.338	
	510	270.63	133.672	
	511	270.178	133.761	
	512	270.761	133.949	
	513	271.523	133.899	
	514	272.964	133.533	
	515	273.392	133.215	
	516	273.943	132.588	
	517	274.127	131.984	
	518	274.063	131.741	
	519	274.212	131.144	
	520	274.505	130.111	
	521	274.555	129.542	
	522	274.513	128.952	
	523	274.404	128.438	
	524	273.919	127.644	
	525	273.556	126.956	
	526	273.45	126.748	
	527	272.718	126.576	
	528	272.426	126.543	
	529	272.082	126.642	
	530	272.06	127.249	
	531	272.279	127.571	
	532	272.768	127.932	
	533	272.571	128.566	
	534	271.729	128.937	
	535	272.65	127.506	
	536	282.173	132.138	
	537	273.486	126.704	
	538	275.166	126.159	
	539	275.829	126.291	
	540	277.078	126.513	
	541	277.645	126.463	
	542	278.605	125.704	
	543	278.769	125.653	
	544	278.839	125.634	
	545	278.818	125.764	
	546	279.037	126.047	
	547	279.877	126.439	
	548	280.327	126.666	
	549	280.686	127.205	
	550	280.942	127.892	
	551	281.241	133.032	
	552	281.274	128.333	
	553	281.564	128.985	
	554	281.606	129.169	
	555	281.519	129.404	
	556	281.388	129.557	
	557	281.109	129.552	
	558	281.319	129.535	
	559	282.048	130.219	
	560	282.234	130.84	
	561	282.268	131.817	
	562	282.021	132.092	
	563	281.914	132.105	
	564	281.38	131.826	
	565	280.646	131.45	
	566	280.404	131.187	
	567	280.133	131.026	
	568	280.133	131.05	
	569	280.643	131.25	
	570	280.996	131.384	
	571	280.793	131.204	
	572	280.616	131.045	
	573	280.494	131.051	
	574	280.743	131.493	
	575	280.371	131.722	
	576	280.673	132.254	
	577	281.233	133.019	
	578	282.01	133.257	
	579	282.845	133.831	
	580	283.082	134.625	
	581	282.776	135.406	
	582	282.873	136.782	
	583	282.343	137.441	
	584	280.49	138.038	
	585	279.414	138.057	
	586	277.595	138.396	
	587	277.009	137.724	
	588	276.338	137.574	
	589	275.71	136.053	
	590	275.431	135.44	
	591	274.608	135.339	
	592	274.608	135.339	

Effects	ADBE Corner Pin #1	ADBE Corner Pin-0002
	Frame	X pixels	Y pixels	
	0	481.019	374.623	
	1	481.019	374.623	
	2	481.019	374.623	
	3	481.019	374.623	
	4	481.019	374.623	
	5	481.019	374.623	
	6	481.019	374.623	
	7	481.019	374.623	
	8	481.019	374.623	
	9	481.019	374.623	
	10	481.019	374.623	
	11	481.019	374.623	
	12	481.019	374.623	
	13	481.019	374.623	
	14	481.019	374.623	
	15	481.019	374.623	
	16	481.019	374.623	
	17	481.019	374.623	
	18	481.019	374.623	
	19	481.019	374.623	
	20	481.019	374.623	
	21	481.019	374.623	
	22	481.019	374.623	
	23	481.019	374.623	
	24	481.019	374.623	
	25	481.019	374.623	
	26	481.019	374.623	
	27	481.019	374.623	
	28	481.019	374.623	
	29	481.019	374.623	
	30	481.019	374.623	
	31	481.019	374.623	
	32	481.019	374.623	
	33	481.019	374.623	
	34	481.019	374.623	
	35	481.019	374.623	
	36	481.019	374.623	
	37	481.019	374.623	
	38	481.019	374.623	
	39	481.019	374.623	
	40	481.019	374.623	
	41	481.019	374.623	
	42	481.019	374.623	
	43	481.019	374.623	
	44	481.019	374.623	
	45	481.019	374.623	
	46	481.019	374.623	
	47	481.019	374.623	
	48	481.019	374.623	
	49	481.019	374.623	
	50	481.019	374.623	
	51	481.019	374.623	
	52	481.019	374.623	
	53	481.019	374.623	
	54	481.019	374.623	
	55	481.019	374.623	
	56	481.019	374.623	
	57	481.019	374.623	
	58	481.019	374.623	
	59	481.019	374.623	
	60	481.019	374.623	
	61	481.019	374.623	
	62	481.019	374.623	
	63	481.019	374.623	
	64	481.019	374.623	
	65	481.019	374.623	
	66	481.019	374.623	
	67	481.019	374.623	
	68	481.019	374.623	
	69	481.019	374.623	
	70	481.019	374.623	
	71	481.019	374.623	
	72	481.019	374.623	
	73	481.019	374.623	
	74	481.019	374.623	
	75	481.019	374.623	
	76	481.019	374.623	
	77	481.019	374.623	
	78	481.019	374.623	
	79	481.019	374.623	
	80	481.019	374.623	
	81	481.019	374.623	
	82	481.019	374.623	
	83	481.019	374.623	
	84	481.019	374.623	
	85	481.019	374.623	
	86	481.019	374.623	
	87	481.019	374.623	
	88	481.019	374.623	
	89	481.019	374.623	
	90	481.019	374.623	
	91	481.019	374.623	
	92	481.019	374.623	
	93	481.019	374.623	
	94	481.019	374.623	
	95	487.495	329.736	
	96	488.271	266.343	
	97	487.905	240.391	
	98	486.181	205.828	
	99	484.313	186.439	
	100	483.609	179.52	
	101	482.295	169.44	
	102	481.569	166.627	
	103	480.116	167.435	
	104	479.05	171.233	
	105	478.22	171.246	
	106	475.744	168.892	
	107	475.065	168.263	
	108	475.134	170.755	
	109	474.375	176.172	
	110	473.78	178.832	
	111	473.664	182.942	
	112	473.861	184.749	
	113	473.468	187.816	
	114	473.113	190.363	
	115	473.064	191.041	
	116	472.548	190.789	
	117	472.093	190.454	
	118	472.218	189.706	
	119	473.585	189.087	
	120	474.143	188.948	
	121	474.956	188.775	
	122	475.158	188.79	
	123	475.793	189.139	
	124	476.184	189.924	
	125	476.264	190.281	
	126	476.641	191.083	
	127	476.883	191.297	
	128	477.011	191.573	
	129	477.439	192.274	
	130	477.826	192.98	
	131	478.374	194.361	
	132	478.439	194.747	
	133	478.182	195.015	
	134	477.034	195.314	
	135	476.283	195.161	
	136	475.107	194.678	
	137	474.684	194.299	
	138	474.258	193.27	
	139	473.91	192.073	
	140	473.733	191.203	
	141	474.297	190.061	
	142	475.076	190.342	
	143	477.622	193.679	
	144	480.067	199.573	
	145	480.464	202.07	
	146	480.668	206.119	
	147	480.938	208.084	
	148	481.973	211.876	
	149	483.765	214.475	
	150	484.709	215.272	
	151	487.031	216.244	
	152	488.244	216.365	
	153	490.056	216.179	
	154	491.644	216.003	
	155	492.622	216.077	
	156	494.234	215.921	
	157	494.846	215.499	
	158	495.505	213.205	
	159	494.812	208.045	
	160	493.521	203.998	
	161	488.932	193.761	
	162	485.496	188.499	
	163	477.422	179.597	
	164	471.511	173.779	
	165	469.053	172.242	
	166	465.009	171.39	
	167	463.601	172.159	
	168	461.418	177.264	
	169	460.742	184.461	
	170	461.032	187.398	
	171	462.074	188.995	
	172	462.943	188.238	
	173	465.484	186.542	
	174	467.892	186.342	
	175	468.387	186.573	
	176	468.542	187.119	
	177	468.372	187.211	
	178	467.882	187.13	
	179	467.862	186.974	
	180	468.083	186.966	
	181	468.695	187.381	
	182	469.198	187.579	
	183	470.411	188.104	
	184	471.452	188.345	
	185	472.057	188.353	
	186	473.594	187.611	
	187	474.462	186.925	
	188	476.108	185.206	
	189	477.367	183.7	
	190	477.195	182.598	
	191	473.522	180.557	
	192	470.145	180.514	
	193	461.543	182.702	
	194	448.705	183.732	
	195	440.742	184.529	
	196	420.167	185.037	
	197	408.672	185.053	
	198	385.418	182.585	
	199	365.646	177.542	
	200	358.061	174.975	
	201	347.102	170.346	
	202	343.261	168.967	
	203	338.446	166.948	
	204	336.403	164.211	
	205	336.022	163.166	
	206	337.543	162.821	
	207	339.351	162.776	
	208	343.853	161.976	
	209	348.401	160.195	
	210	350.641	159.532	
	211	355.67	159.095	
	212	358.807	159.546	
	213	364.782	160.357	
	214	369.503	160.765	
	215	370.93	160.894	
	216	371.829	160.622	
	217	372.189	160.424	
	218	372.228	161.181	
	219	371.285	162.073	
	220	369.376	162.473	
	221	364.922	162.445	
	222	363.071	162.042	
	223	360.492	161.908	
	224	358.723	162.764	
	225	357.9	162.859	
	226	356.16	162.983	
	227	355.467	163.245	
	228	354.181	163.901	
	229	352.613	164.558	
	230	351.407	163.93	
	231	347.584	161.802	
	232	345.849	160.748	
	233	342.259	159.319	
	234	339.444	161.221	
	235	338.448	162.712	
	236	337.167	164.431	
	237	336.721	163.881	
	238	334.975	159.219	
	239	331.506	152.027	
	240	329.929	148.479	
	241	327.825	144.315	
	242	327.4	143.645	
	243	327.419	144.252	
	244	327.838	145.773	
	245	328.049	146.443	
	246	328.547	147.26	
	247	328.646	147.428	
	248	328.678	147.825	
	249	329.566	148.522	
	250	330.265	148.855	
	251	330.879	149.231	
	252	331.814	149.913	
	253	332.354	150.855	
	254	332.507	151.222	
	255	332.456	151.228	
	256	332.376	151.162	
	257	332.325	151.28	
	258	331.691	151.387	
	259	331.177	151.335	
	260	330.288	150.869	
	261	329.934	150.468	
	262	329.569	150.415	
	263	329.402	151.142	
	264	329.479	151.391	
	265	329.119	151.006	
	266	328.761	150.588	
	267	328.311	149.877	
	268	328.493	149.852	
	269	328.635	150.068	
	270	328.784	151.091	
	271	329.31	151.703	
	272	330.457	153.137	
	273	331.446	154.681	
	274	331.876	155.194	
	275	332.131	155.56	
	276	331.982	155.531	
	277	331.779	155.532	
	278	331.868	155.785	
	279	332.035	156.057	
	280	332.949	157.385	
	281	333.591	158.344	
	282	335.147	160.37	
	283	336.128	161.622	
	284	336.303	161.776	
	285	336.129	160.624	
	286	335.692	159.455	
	287	334.528	157.72	
	288	333.991	157.188	
	289	334.056	157.28	
	290	333.959	157.61	
	291	333.898	157.711	
	292	333.758	158.275	
	293	333.556	158.889	
	294	333.478	159.07	
	295	332.974	159.18	
	296	332.621	159.153	
	297	332.041	159.84	
	298	331.163	161.568	
	299	330.538	162.391	
	300	329.669	162.877	
	301	329.603	163.035	
	302	330.105	163.194	
	303	330.45	162.799	
	304	330.597	162.5	
	305	330.338	161.956	
	306	329.981	161.817	
	307	329.182	161.751	
	308	328.864	162.01	
	309	328.815	162.019	
	310	328.571	161.688	
	311	328.352	161.369	
	312	327.519	160.322	
	313	326.592	158.912	
	314	326.302	158.253	
	315	325.662	156.873	
	316	325.273	156.024	
	317	324.393	154.201	
	318	323.564	152.462	
	319	323.381	151.929	
	320	323.325	151.584	
	321	323.372	151.655	
	322	323.038	151.86	
	323	322.328	151.433	
	324	322.189	151.068	
	325	322.201	150.625	
	326	322.412	150.638	
	327	322.606	150.697	
	328	322.044	150.687	
	329	321.698	150.622	
	330	321.322	150.833	
	331	321.525	151.288	
	332	322.532	152.871	
	333	323.57	154.338	
	334	323.844	154.891	
	335	324.031	155.722	
	336	323.986	155.938	
	337	323.647	155.929	
	338	323.175	155.469	
	339	323.078	155.261	
	340	323.037	155.342	
	341	323.096	155.539	
	342	323.129	155.932	
	343	322.85	155.665	
	344	322.791	155.405	
	345	323.158	155.292	
	346	323.428	155.362	
	347	323.669	155.481	
	348	323.665	155.585	
	349	323.728	155.673	
	350	324.135	156.627	
	351	324.727	157.32	
	352	326.072	158.322	
	353	325.847	157.056	
	354	325.068	155.246	
	355	323.643	152.327	
	356	323.455	151.868	
	357	323.897	152.892	
	358	324.511	154.799	
	359	325.116	155.495	
	360	326.754	156.536	
	361	327.604	156.927	
	362	328.201	156.893	
	363	327.203	156.02	
	364	326.765	155.683	
	365	326.506	155.595	
	366	326.57	155.765	
	367	326.856	156.611	
	368	327.025	157.489	
	369	327.12	157.813	
	370	327.149	158.025	
	371	327.015	157.952	
	372	326.835	157.529	
	373	326.936	157.474	
	374	326.936	157.474	
	375	327.375	157.801	
	376	328.13	158.273	
	377	328.847	158.037	
	378	328.969	157.739	
	379	329.176	157.46	
	380	329.675	156.978	
	381	330.021	156.839	
	382	330.807	156.769	
	383	331.209	156.846	
	384	331.114	156.897	
	385	330.841	156.832	
	386	330.317	156.546	
	387	328.878	153.79	
	388	328.71	153.449	
	389	329.128	154.421	
	390	330.232	155.407	
	391	330.804	155.517	
	392	331.855	155.601	
	393	331.929	155.661	
	394	331.597	155.604	
	395	329.686	154.962	
	396	328.323	154.715	
	397	325.594	154.98	
	398	324.677	156.147	
	399	328.587	156.486	
	400	331.95	155.749	
	401	335.992	155.049	
	402	345.538	154.263	
	403	358.187	153.777	
	404	365.861	152.985	
	405	382.584	150.596	
	406	390.969	150.087	
	407	416.643	148.327	
	408	424.681	148.024	
	409	431.961	147.684	
	410	445.208	145.788	
	411	451.415	144.49	
	412	463.084	142.897	
	413	472.295	141.96	
	414	478.859	140.826	
	415	481.009	140.497	
	416	482.11	140.323	
	417	482.099	140.298	
	418	480.272	140.83	
	419	478.983	140.935	
	420	475.201	140.776	
	421	471.321	142.004	
	422	466.846	144.736	
	423	465.935	145.325	
	424	465.31	145.796	
	425	463.639	146.318	
	426	463.106	146.585	
	427	463.418	148.245	
	428	465.452	150.435	
	429	466.241	150.749	
	430	466.796	150.98	
	431	467.639	151.715	
	432	468.293	152.272	
	433	468.174	149.944	
	434	467.947	146.964	
	435	466.827	139.002	
	436	466.426	129.77	
	437	469.275	120.473	
	438	470.748	120.25	
	439	471.905	121.014	
	440	473.548	122.082	
	441	475.048	124.073	
	442	479.672	131.652	
	443	484.422	140.518	
	444	484.796	148.14	
	445	484.832	151.938	
	446	485.506	155.123	
	447	486.559	159.089	
	448	485.868	159.96	
	449	486.029	159.967	
	450	486.897	158.343	
	451	487.571	157.648	
	452	488.593	154.981	
	453	488.67	154.523	
	454	489.176	154.614	
	455	491.479	154.881	
	456	492.903	155.032	
	457	495.675	156.465	
	458	496.51	158.347	
	459	496.09	159.933	
	460	496.278	160.381	
	461	496.493	160.537	
	462	496.371	159.476	
	463	494.739	157.259	
	464	493.936	156.004	
	465	493.47	153.86	
	466	493.475	152.835	
	467	493.862	150.889	
	468	493.992	150.49	
	469	494.265	150.04	
	470	495.091	149.134	
	471	495.72	148.973	
	472	495.933	148.392	
	473	494.543	147.451	
	474	492.702	146.426	
	475	492.28	146.108	
	476	492.057	145.909	
	477	491.566	146.074	
	478	492.384	146.573	
	479	492.986	146.776	
	480	493.725	146.144	
	481	493.774	145.822	
	482	493.915	145.263	
	483	494.012	145.133	
	484	494.012	145.134	
	485	494.409	145.09	
	486	494.856	144.865	
	487	494.827	144.556	
	488	494.317	143.384	
	489	494.651	142.264	
	490	494.819	142.033	
	491	494.838	141.753	
	492	494.811	141.209	
	493	495.053	140.933	
	494	495.199	141.036	
	495	495.777	141.586	
	496	495.975	141.779	
	497	496.542	141.86	
	498	496.786	141.755	
	499	496.885	141.305	
	500	496.841	140.682	
	501	496.609	139.502	
	502	497.106	138.188	
	503	497.648	137.754	
	504	497.194	137.252	
	505	495.606	136.49	
	506	495.07	136.193	
	507	494.638	136.115	
	508	494.531	136.819	
	509	494.152	138.125	
	510	493.903	138.079	
	511	493.484	137.503	
	512	494.134	137.809	
	513	494.902	138.146	
	514	496.294	138.242	
	515	496.715	137.928	
	516	497.139	137.186	
	517	497.126	136.36	
	518	496.977	136.16	
	519	497.329	135.334	
	520	497.639	134.074	
	521	497.641	133.482	
	522	497.59	132.978	
	523	497.506	132.399	
	524	497.028	131.586	
	525	496.697	131.072	
	526	496.607	130.928	
	527	495.874	131.129	
	528	495.561	131.328	
	529	495.274	131.604	
	530	495.379	132.241	
	531	495.614	132.353	
	532	495.974	131.976	
	533	495.726	131.741	
	534	494.899	130.344	
	535	495.842	129.205	
	536	504.373	138.287	
	537	496.592	129.033	
	538	498.008	129.406	
	539	498.62	129.9	
	540	499.735	130.763	
	541	500.16	130.867	
	542	500.875	130.479	
	543	501.006	130.366	
	544	501.051	130.216	
	545	501.021	130.254	
	546	501.161	130.746	
	547	501.875	131.866	
	548	502.307	132.421	
	549	502.675	133.112	
	550	502.993	133.803	
	551	502.576	138.802	
	552	503.363	134.302	
	553	503.655	135.044	
	554	503.746	135.247	
	555	503.741	135.413	
	556	503.717	135.427	
	557	503.555	135.815	
	558	503.73	135.862	
	559	504.364	136.77	
	560	504.535	137.275	
	561	504.579	138.097	
	562	504.319	138.238	
	563	504.21	138.189	
	564	503.581	137.732	
	565	502.729	137.126	
	566	502.442	136.846	
	567	501.993	136.586	
	568	501.93	136.628	
	569	502.267	136.796	
	570	502.54	136.958	
	571	502.245	136.648	
	572	502.008	136.411	
	573	501.891	136.444	
	574	502.016	136.798	
	575	501.661	137.026	
	576	502.009	137.652	
	577	502.628	138.786	
	578	503.369	139.211	
	579	504.239	140.134	
	580	504.69	141.071	
	581	504.444	141.699	
	582	504.848	143.04	
	583	504.472	143.591	
	584	502.875	143.884	
	585	502.007	143.633	
	586	500.55	143.692	
	587	500.347	143.123	
	588	499.841	143.045	
	589	499.62	141.767	
	590	499.531	141.104	
	591	498.957	140.424	
	592	498.957	140.424	

Effects	ADBE Corner Pin #1	ADBE Corner Pin-0003
	Frame	X pixels	Y pixels	
	0	298.494	415.022	
	1	298.494	415.022	
	2	298.494	415.022	
	3	298.494	415.022	
	4	298.494	415.022	
	5	298.494	415.022	
	6	298.494	415.022	
	7	298.494	415.022	
	8	298.494	415.022	
	9	298.494	415.022	
	10	298.494	415.022	
	11	298.494	415.022	
	12	298.494	415.022	
	13	298.494	415.022	
	14	298.494	415.022	
	15	298.494	415.022	
	16	298.494	415.022	
	17	298.494	415.022	
	18	298.494	415.022	
	19	298.494	415.022	
	20	298.494	415.022	
	21	298.494	415.022	
	22	298.494	415.022	
	23	298.494	415.022	
	24	298.494	415.022	
	25	298.494	415.022	
	26	298.494	415.022	
	27	298.494	415.022	
	28	298.494	415.022	
	29	298.494	415.022	
	30	298.494	415.022	
	31	298.494	415.022	
	32	298.494	415.022	
	33	298.494	415.022	
	34	298.494	415.022	
	35	298.494	415.022	
	36	298.494	415.022	
	37	298.494	415.022	
	38	298.494	415.022	
	39	298.494	415.022	
	40	298.494	415.022	
	41	298.494	415.022	
	42	298.494	415.022	
	43	298.494	415.022	
	44	298.494	415.022	
	45	298.494	415.022	
	46	298.494	415.022	
	47	298.494	415.022	
	48	298.494	415.022	
	49	298.494	415.022	
	50	298.494	415.022	
	51	298.494	415.022	
	52	298.494	415.022	
	53	298.494	415.022	
	54	298.494	415.022	
	55	298.494	415.022	
	56	298.494	415.022	
	57	298.494	415.022	
	58	298.494	415.022	
	59	298.494	415.022	
	60	298.494	415.022	
	61	298.494	415.022	
	62	298.494	415.022	
	63	298.494	415.022	
	64	298.494	415.022	
	65	298.494	415.022	
	66	298.494	415.022	
	67	298.494	415.022	
	68	298.494	415.022	
	69	298.494	415.022	
	70	298.494	415.022	
	71	298.494	415.022	
	72	298.494	415.022	
	73	298.494	415.022	
	74	298.494	415.022	
	75	298.494	415.022	
	76	298.494	415.022	
	77	298.494	415.022	
	78	298.494	415.022	
	79	298.494	415.022	
	80	298.494	415.022	
	81	298.494	415.022	
	82	298.494	415.022	
	83	298.494	415.022	
	84	298.494	415.022	
	85	298.494	415.022	
	86	298.494	415.022	
	87	298.494	415.022	
	88	298.494	415.022	
	89	298.494	415.022	
	90	298.494	415.022	
	91	298.494	415.022	
	92	298.494	415.022	
	93	298.494	415.022	
	94	298.494	415.022	
	95	299.329	400.68	
	96	301.307	367.254	
	97	302.5	355.571	
	98	304.454	337.355	
	99	305.197	326.141	
	100	305.387	321.717	
	101	305.544	316.672	
	102	305.525	315.796	
	103	306	318.687	
	104	307.206	322.511	
	105	307.456	322.859	
	106	307.687	321.754	
	107	307.885	321.333	
	108	308.072	324.203	
	109	307.85	330.008	
	110	307.683	332.454	
	111	307.743	335.743	
	112	307.889	337.267	
	113	307.977	340.119	
	114	307.963	342.322	
	115	307.89	342.608	
	116	307.612	342.248	
	117	307.4	342.136	
	118	307.72	341.401	
	119	308.927	340.775	
	120	309.376	340.657	
	121	309.84	340.384	
	122	309.987	340.434	
	123	310.148	340.581	
	124	310.109	341.173	
	125	310.172	341.616	
	126	310.517	342.601	
	127	310.77	342.955	
	128	310.917	343.492	
	129	311.056	344.159	
	130	310.984	344.427	
	131	310.502	344.819	
	132	310.229	344.941	
	133	309.275	344.867	
	134	307.729	345.134	
	135	307.17	345.281	
	136	306.693	345.67	
	137	306.509	345.642	
	138	305.381	344.364	
	139	302.199	340.861	
	140	300.259	338.418	
	141	296.831	333.301	
	142	295.691	331.353	
	143	294.628	329.756	
	144	294.26	330.963	
	145	293.995	331.958	
	146	293.256	333.496	
	147	292.846	333.884	
	148	292.569	334.687	
	149	293.776	335.65	
	150	294.771	336.27	
	151	297.272	337.181	
	152	298.475	337.264	
	153	300.287	337.241	
	154	301.987	337.401	
	155	302.857	337.518	
	156	304.466	337.873	
	157	305.258	338.083	
	158	306.836	338.047	
	159	307.727	336.507	
	160	307.729	335.15	
	161	306.271	331.395	
	162	304.148	329.27	
	163	298.192	325.136	
	164	293.354	321.66	
	165	291.411	320.976	
	166	288.64	321.667	
	167	287.733	322.891	
	168	285.682	327.07	
	169	284.856	331.983	
	170	285.021	333.907	
	171	286.7	335.149	
	172	288.038	334.955	
	173	290.811	334.144	
	174	291.961	333.137	
	175	291.789	332.831	
	176	291.196	332.646	
	177	291.061	332.729	
	178	291.142	333.158	
	179	291.646	333.426	
	180	292.137	333.715	
	181	293.239	334.48	
	182	294.202	335	
	183	296.093	335.941	
	184	297.465	336.096	
	185	298.081	335.841	
	186	300.19	335.203	
	187	301.572	334.816	
	188	304.426	333.8	
	189	305.646	331.926	
	190	305.164	330.292	
	191	301.481	328.625	
	192	298.27	328.82	
	193	288.591	329.841	
	194	273.918	330.297	
	195	264.475	330.623	
	196	242.984	330.651	
	197	231.179	329.885	
	198	210.015	327.767	
	199	194.377	323.549	
	200	188.03	321.035	
	201	177.761	316.741	
	202	174.193	315.485	
	203	170.075	313.309	
	204	169.634	311.354	
	205	170.63	311.815	
	206	174.59	313.5	
	207	176.983	313.709	
	208	181.741	312.349	
	209	185.733	310.236	
	210	187.989	309.57	
	211	194.635	309.9	
	212	198.608	310.496	
	213	205.328	310.986	
	214	209.587	310.273	
	215	210.57	309.537	
	216	211.465	308.585	
	217	211.902	308.348	
	218	212.2	309.12	
	219	210.99	309.553	
	220	209.697	310.989	
	221	206.634	313.148	
	222	205.37	313.508	
	223	202.627	313.377	
	224	199.69	313.241	
	225	198.466	312.992	
	226	196.658	313.123	
	227	195.999	313.299	
	228	195.192	314.204	
	229	194.4	314.904	
	230	193.862	314.767	
	231	191.176	313.938	
	232	189.198	312.757	
	233	183.829	310.244	
	234	176.858	308.426	
	235	174.154	308.199	
	236	172.205	308.985	
	237	172.599	309.214	
	238	173.851	307.888	
	239	174.261	305.133	
	240	174.165	303.417	
	241	173.259	301.035	
	242	172.455	300.515	
	243	171.096	300.324	
	244	170.389	300.864	
	245	170.379	301.222	
	246	170.618	301.638	
	247	170.684	301.592	
	248	170.756	301.96	
	249	171.183	302.205	
	250	171.522	302.291	
	251	171.862	302.401	
	252	172.422	302.798	
	253	172.358	303.008	
	254	172.288	303.042	
	255	172.532	303.196	
	256	172.63	303.323	
	257	172.701	303.522	
	258	171.928	303.68	
	259	171.555	303.829	
	260	171.503	303.974	
	261	171.628	304.117	
	262	171.178	304.308	
	263	170.578	304.65	
	264	170.648	304.771	
	265	171.131	305.255	
	266	171.221	305.272	
	267	171.072	305.052	
	268	171.013	304.907	
	269	170.988	305.065	
	270	170.763	305.67	
	271	170.9	305.9	
	272	171.145	306.565	
	273	171.382	307.423	
	274	171.502	307.687	
	275	171.314	307.799	
	276	171.116	307.873	
	277	170.752	307.896	
	278	170.201	307.746	
	279	169.968	307.699	
	280	169.708	307.955	
	281	169.725	308.251	
	282	170.177	308.805	
	283	170.547	309.224	
	284	170.662	309.241	
	285	171.347	308.892	
	286	171.586	308.669	
	287	171.34	308.401	
	288	170.883	308.185	
	289	170.613	308.085	
	290	170.233	308.163	
	291	170.152	308.289	
	292	169.814	308.702	
	293	169.162	308.964	
	294	168.88	308.955	
	295	168.182	308.986	
	296	167.78	308.998	
	297	166.974	309.606	
	298	165.885	311.446	
	299	165.192	312.131	
	300	164.175	312.446	
	301	163.842	312.339	
	302	163.597	311.887	
	303	163.928	311.701	
	304	164.079	311.578	
	305	164.039	311.622	
	306	163.825	311.772	
	307	163.144	312.077	
	308	162.125	311.808	
	309	161.664	311.457	
	310	160.889	310.742	
	311	160.397	310.235	
	312	159.713	309.555	
	313	159.82	309.462	
	314	159.969	309.454	
	315	160.234	309.26	
	316	160.281	308.968	
	317	160.222	308.159	
	318	160.308	307.399	
	319	160.278	307.08	
	320	160.11	306.587	
	321	159.893	306.354	
	322	159.121	305.777	
	323	158.616	305.023	
	324	158.804	304.733	
	325	159.132	304.174	
	326	159.353	304.025	
	327	159.713	303.886	
	328	159.326	303.661	
	329	159.043	303.568	
	330	158.824	303.645	
	331	158.939	303.914	
	332	159.474	304.657	
	333	159.862	305.269	
	334	159.879	305.519	
	335	159.522	305.832	
	336	159.296	305.939	
	337	158.915	306.067	
	338	158.694	306.049	
	339	158.677	306.036	
	340	158.628	306.314	
	341	158.606	306.507	
	342	158.482	306.891	
	343	158.543	307.117	
	344	158.618	307.116	
	345	158.737	307.053	
	346	158.775	307.097	
	347	158.838	307.329	
	348	159.012	307.845	
	349	159.131	308.057	
	350	158.821	308.316	
	351	158.915	308.522	
	352	159.569	308.846	
	353	160.186	308.379	
	354	160.452	307.762	
	355	160.159	306.539	
	356	159.824	306.278	
	357	159.123	306.539	
	358	158.589	307.09	
	359	158.951	307.342	
	360	160.673	308.027	
	361	161.495	308.252	
	362	162.085	308.289	
	363	161.549	308.185	
	364	161.224	308.103	
	365	160.715	307.971	
	366	160.476	307.923	
	367	159.968	307.965	
	368	159.811	308.45	
	369	159.834	308.703	
	370	159.754	308.888	
	371	159.632	308.877	
	372	159.629	308.745	
	373	159.913	308.966	
	374	159.912	308.966	
	375	160.426	309.477	
	376	160.875	309.728	
	377	161.223	309.57	
	378	161.43	309.508	
	379	161.744	309.499	
	380	162.501	309.526	
	381	162.807	309.446	
	382	163.149	309.073	
	383	163.08	308.721	
	384	163.015	308.535	
	385	162.931	308.471	
	386	162.867	308.313	
	387	163.788	307.299	
	388	164.562	307.313	
	389	164.771	307.775	
	390	165.82	308.219	
	391	166.333	308.283	
	392	167.508	308.676	
	393	167.535	308.815	
	394	167.266	308.863	
	395	165.299	308.297	
	396	163.821	307.949	
	397	161.546	308.786	
	398	162.159	311.502	
	399	166.261	312.048	
	400	169.848	311.284	
	401	174.083	310.782	
	402	184.271	311.017	
	403	197.326	311.618	
	404	205.496	311.569	
	405	223.542	310.584	
	406	232.361	310.376	
	407	258.69	308.665	
	408	267.075	308.392	
	409	274.996	308.009	
	410	289.743	305.741	
	411	296.221	304.024	
	412	307.767	301.682	
	413	316.962	300.246	
	414	323.595	298.321	
	415	325.075	297.333	
	416	325.449	296.595	
	417	325.094	296.417	
	418	323.251	296.874	
	419	321.976	296.906	
	420	318.523	296.923	
	421	314.636	298.378	
	422	309.754	301.339	
	423	308.728	302.05	
	424	307.733	302.537	
	425	306.278	303.986	
	426	306.061	304.706	
	427	307.025	306.695	
	428	308.703	307.722	
	429	309.319	307.94	
	430	309.482	307.876	
	431	309.659	308.243	
	432	309.674	308.739	
	433	308.882	307.478	
	434	308.155	305.374	
	435	304.918	299.696	
	436	301.435	292.693	
	437	295.985	284.573	
	438	294.068	285.116	
	439	292.609	287.605	
	440	291.137	294.793	
	441	290.32	299.412	
	442	288.039	310.867	
	443	286.451	323.956	
	444	283.81	337.999	
	445	282.465	344.259	
	446	281.334	348.696	
	447	278.265	354.695	
	448	275.135	358.415	
	449	274.039	359.409	
	450	272.349	359.984	
	451	271.645	360.347	
	452	268.35	360.081	
	453	266.958	360.079	
	454	266.08	360.333	
	455	265.807	360.636	
	456	265.911	360.71	
	457	266.625	362.461	
	458	267.272	365.815	
	459	268.044	369.188	
	460	268.847	370.551	
	461	269.498	371.487	
	462	270.045	371.994	
	463	268.828	371.096	
	464	268.13	370.323	
	465	267.326	368.233	
	466	266.909	367.104	
	467	265.627	364.522	
	468	265.405	363.906	
	469	265.357	363.198	
	470	265.831	361.877	
	471	266.267	361.607	
	472	266.5	361.6	
	473	265.431	361.611	
	474	263.57	360.843	
	475	262.868	360.389	
	476	262.538	360.246	
	477	262.264	360.53	
	478	262.517	360.293	
	479	262.743	360.143	
	480	263.422	359.668	
	481	263.707	359.645	
	482	264.7	360.124	
	483	265.063	360.324	
	484	265.061	360.325	
	485	265.715	360.549	
	486	265.989	360.213	
	487	265.8	359.813	
	488	265.184	358.681	
	489	264.897	356.879	
	490	264.87	356.503	
	491	264.813	356.056	
	492	264.812	355.614	
	493	265.006	355.356	
	494	265.081	355.359	
	495	265.512	355.554	
	496	265.642	355.623	
	497	265.73	354.675	
	498	265.649	354.104	
	499	265.51	353.287	
	500	265.294	352.657	
	501	265.186	351.499	
	502	266.167	350.35	
	503	266.886	350.115	
	504	267.409	350.989	
	505	266.653	351.041	
	506	266.328	350.881	
	507	266.452	351.234	
	508	266.478	352.105	
	509	266.948	353.762	
	510	267.084	353.956	
	511	267.332	354.084	
	512	267.936	354.274	
	513	268.318	354.212	
	514	269.284	353.712	
	515	269.681	353.395	
	516	270.265	352.694	
	517	270.539	352.065	
	518	270.392	351.841	
	519	271.002	351.251	
	520	271.5	350.237	
	521	271.479	349.718	
	522	271.397	349.177	
	523	271.28	348.738	
	524	270.743	348.045	
	525	270.24	347.456	
	526	270.082	347.283	
	527	268.921	347.127	
	528	268.384	347.127	
	529	267.981	347.32	
	530	268.187	347.942	
	531	268.735	348.212	
	532	269.845	348.499	
	533	270.477	349.059	
	534	271.22	349.254	
	535	271.956	347.743	
	536	276.909	351.368	
	537	272.192	346.995	
	538	272.797	346.519	
	539	273.104	346.601	
	540	273.756	346.568	
	541	274.05	346.393	
	542	274.711	345.453	
	543	274.928	345.35	
	544	275.136	345.252	
	545	275.162	345.311	
	546	275.271	345.546	
	547	275.338	345.859	
	548	275.472	346.024	
	549	275.692	346.523	
	550	276.069	347.291	
	551	276.626	351.362	
	552	276.363	347.67	
	553	276.535	348.3	
	554	276.545	348.489	
	555	276.543	348.796	
	556	276.515	348.948	
	557	275.88	348.992	
	558	275.988	348.985	
	559	276.609	349.777	
	560	276.799	350.25	
	561	276.962	351.156	
	562	276.789	351.311	
	563	276.785	351.283	
	564	276.307	350.817	
	565	275.834	350.319	
	566	275.667	350.023	
	567	275.508	349.847	
	568	275.548	349.837	
	569	276.115	349.856	
	570	276.481	349.863	
	571	276.227	349.63	
	572	276.267	349.416	
	573	276.074	349.477	
	574	276.276	349.744	
	575	276.122	350.037	
	576	276.351	350.568	
	577	276.585	351.385	
	578	277.076	351.622	
	579	277.46	352.3	
	580	277.613	353.276	
	581	277.499	354.135	
	582	277.655	355.673	
	583	276.841	356.396	
	584	275.496	357.047	
	585	274.543	357.389	
	586	273.212	357.88	
	587	272.422	357.673	
	588	271.578	357.666	
	589	270.873	356.424	
	590	270.64	356.155	
	591	270.452	356.387	
	592	270.452	356.387	

Effects	ADBE Corner Pin #1	ADBE Corner Pin-0004
	Frame	X pixels	Y pixels	
	0	468.452	417.775	
	1	468.452	417.775	
	2	468.452	417.775	
	3	468.452	417.775	
	4	468.452	417.775	
	5	468.452	417.775	
	6	468.452	417.775	
	7	468.452	417.775	
	8	468.452	417.775	
	9	468.452	417.775	
	10	468.452	417.775	
	11	468.452	417.775	
	12	468.452	417.775	
	13	468.452	417.775	
	14	468.452	417.775	
	15	468.452	417.775	
	16	468.452	417.775	
	17	468.452	417.775	
	18	468.452	417.775	
	19	468.452	417.775	
	20	468.452	417.775	
	21	468.452	417.775	
	22	468.452	417.775	
	23	468.452	417.775	
	24	468.452	417.775	
	25	468.452	417.775	
	26	468.452	417.775	
	27	468.452	417.775	
	28	468.452	417.775	
	29	468.452	417.775	
	30	468.452	417.775	
	31	468.452	417.775	
	32	468.452	417.775	
	33	468.452	417.775	
	34	468.452	417.775	
	35	468.452	417.775	
	36	468.452	417.775	
	37	468.452	417.775	
	38	468.452	417.775	
	39	468.452	417.775	
	40	468.452	417.775	
	41	468.452	417.775	
	42	468.452	417.775	
	43	468.452	417.775	
	44	468.452	417.775	
	45	468.452	417.775	
	46	468.452	417.775	
	47	468.452	417.775	
	48	468.452	417.775	
	49	468.452	417.775	
	50	468.452	417.775	
	51	468.452	417.775	
	52	468.452	417.775	
	53	468.452	417.775	
	54	468.452	417.775	
	55	468.452	417.775	
	56	468.452	417.775	
	57	468.452	417.775	
	58	468.452	417.775	
	59	468.452	417.775	
	60	468.452	417.775	
	61	468.452	417.775	
	62	468.452	417.775	
	63	468.452	417.775	
	64	468.452	417.775	
	65	468.452	417.775	
	66	468.452	417.775	
	67	468.452	417.775	
	68	468.452	417.775	
	69	468.452	417.775	
	70	468.452	417.775	
	71	468.452	417.775	
	72	468.452	417.775	
	73	468.452	417.775	
	74	468.452	417.775	
	75	468.452	417.775	
	76	468.452	417.775	
	77	468.452	417.775	
	78	468.452	417.775	
	79	468.452	417.775	
	80	468.452	417.775	
	81	468.452	417.775	
	82	468.452	417.775	
	83	468.452	417.775	
	84	468.452	417.775	
	85	468.452	417.775	
	86	468.452	417.775	
	87	468.452	417.775	
	88	468.452	417.775	
	89	468.452	417.775	
	90	468.452	417.775	
	91	468.452	417.775	
	92	468.452	417.775	
	93	468.452	417.775	
	94	468.452	417.775	
	95	462.688	403.775	
	96	463.915	372.349	
	97	465.079	360.795	
	98	467.13	344.928	
	99	467.741	333.148	
	100	467.8	329.103	
	101	467.533	325.468	
	102	467.33	325.273	
	103	467.166	328.596	
	104	467.71	331.88	
	105	467.744	331.896	
	106	467.947	329.742	
	107	468.194	329.109	
	108	468.058	331.892	
	109	467.238	336.842	
	110	466.949	339.207	
	111	466.566	342.697	
	112	466.503	344.219	
	113	466.269	346.697	
	114	465.946	348.687	
	115	465.732	348.979	
	116	465.283	348.387	
	117	465.058	348.034	
	118	465.362	347.273	
	119	466.629	346.798	
	120	467.072	346.695	
	121	467.606	346.555	
	122	467.786	346.541	
	123	468.026	347.089	
	124	468.059	347.895	
	125	468.153	348.25	
	126	468.583	349.041	
	127	468.882	349.331	
	128	469.123	349.695	
	129	469.374	350.541	
	130	469.288	351.209	
	131	468.813	352.481	
	132	468.579	352.826	
	133	467.764	353.212	
	134	466.383	353.579	
	135	465.882	353.484	
	136	465.553	353.148	
	137	465.47	352.821	
	138	464.571	352.039	
	139	461.634	350.873	
	140	459.795	350.016	
	141	456.218	348.901	
	142	454.776	349.08	
	143	452.734	351.781	
	144	451.044	356.26	
	145	450.225	357.981	
	146	448.443	360.714	
	147	447.46	362.072	
	148	446.244	364.84	
	149	446.784	366.59	
	150	447.573	367.154	
	151	449.724	367.886	
	152	450.811	367.97	
	153	452.637	367.9	
	154	454.475	367.975	
	155	455.402	368.062	
	156	457.279	368.184	
	157	458.316	367.963	
	158	460.714	366.366	
	159	462.9	362.403	
	160	463.849	359.231	
	161	464.543	351.175	
	162	463.513	347.01	
	163	459.055	339.413	
	164	455.163	334.516	
	165	453.586	333.659	
	166	451.314	333.977	
	167	450.438	335.072	
	168	447.877	339.467	
	169	446.205	344.765	
	170	446.058	346.875	
	171	447.51	347.959	
	172	448.934	347.519	
	173	451.981	346.535	
	174	453.26	346.554	
	175	453.08	346.762	
	176	452.482	347.352	
	177	452.322	347.443	
	178	452.373	347.354	
	179	452.809	347.097	
	180	453.252	347.069	
	181	454.311	347.313	
	182	455.253	347.47	
	183	457.115	347.968	
	184	458.395	348.162	
	185	458.926	348.162	
	186	460.928	347.477	
	187	462.211	346.83	
	188	464.897	345.301	
	189	465.917	344.095	
	190	465.288	342.91	
	191	461.903	340.87	
	192	458.629	340.771	
	193	449.144	342.696	
	194	435.919	343.94	
	195	427.809	344.581	
	196	407.742	344.41	
	197	395.892	343.878	
	198	373.623	341.247	
	199	355.11	335.966	
	200	347.832	333.219	
	201	337.005	328.202	
	202	333.373	326.75	
	203	328.829	323.894	
	204	328.146	320.726	
	205	329.116	319.91	
	206	333.01	319.552	
	207	335.265	319.327	
	208	339.786	318.218	
	209	343.709	317.023	
	210	345.852	316.526	
	211	352.126	315.892	
	212	355.742	316.057	
	213	361.816	316.317	
	214	365.626	316.22	
	215	366.334	315.963	
	216	366.959	314.962	
	217	367.28	314.634	
	218	367.351	315.32	
	219	365.947	315.941	
	220	364.74	316.621	
	221	361.982	317.192	
	222	360.806	316.942	
	223	358.139	316.84	
	224	355.326	317.498	
	225	354.121	317.52	
	226	352.315	317.568	
	227	351.656	317.738	
	228	350.709	318.295	
	229	349.718	318.631	
	230	349.073	317.894	
	231	346.427	315.855	
	232	344.51	314.872	
	233	339.521	313.502	
	234	332.802	315.638	
	235	330.205	317.065	
	236	328.278	318.43	
	237	328.744	317.737	
	238	330.152	313.106	
	239	330.899	306.304	
	240	331.084	303.144	
	241	330.524	299.09	
	242	329.934	298.765	
	243	328.827	299.944	
	244	328.088	301.64	
	245	328.035	302.257	
	246	328.201	302.932	
	247	328.261	303.049	
	248	328.322	303.551	
	249	328.769	304.331	
	250	329.035	304.601	
	251	329.455	305.059	
	252	329.922	305.761	
	253	329.791	306.648	
	254	329.726	306.985	
	255	329.907	306.972	
	256	330.012	306.942	
	257	330.007	307.125	
	258	329.28	307.298	
	259	328.934	307.288	
	260	328.831	306.893	
	261	328.958	306.561	
	262	328.569	306.756	
	263	328.054	307.524	
	264	328.064	307.786	
	265	328.542	307.337	
	266	328.676	306.849	
	267	328.665	306.252	
	268	328.713	306.26	
	269	328.676	306.64	
	270	328.558	307.528	
	271	328.604	307.994	
	272	328.995	309.442	
	273	329.274	310.938	
	274	329.405	311.456	
	275	329.312	311.925	
	276	329.172	311.94	
	277	328.917	312.048	
	278	328.455	312.507	
	279	328.254	312.88	
	280	328.005	314.265	
	281	327.989	315.175	
	282	328.299	316.897	
	283	328.598	317.92	
	284	328.675	318.002	
	285	329.364	316.821	
	286	329.689	315.855	
	287	329.639	314.529	
	288	329.306	314.324	
	289	329.074	314.506	
	290	328.753	314.851	
	291	328.659	314.994	
	292	328.281	315.651	
	293	327.609	316.351	
	294	327.35	316.581	
	295	326.695	316.723	
	296	326.335	316.789	
	297	325.466	317.928	
	298	324.384	320.167	
	299	323.684	320.999	
	300	322.693	321.499	
	301	322.394	321.656	
	302	322.277	321.743	
	303	322.773	321.264	
	304	322.99	320.998	
	305	323.075	320.619	
	306	322.925	320.599	
	307	322.333	320.746	
	308	321.37	321.15	
	309	320.935	321.197	
	310	320.237	320.813	
	311	319.811	320.456	
	312	319.22	319.5	
	313	319.491	318.327	
	314	319.715	317.779	
	315	320.148	316.518	
	316	320.323	315.65	
	317	320.401	313.715	
	318	320.543	311.998	
	319	320.484	311.537	
	320	320.275	311.237	
	321	320.016	311.282	
	322	319.099	311.293	
	323	318.365	310.626	
	324	318.425	310.096	
	325	318.61	309.441	
	326	318.72	309.367	
	327	318.848	309.198	
	328	318.253	308.983	
	329	317.867	308.892	
	330	317.466	309.08	
	331	317.5	309.556	
	332	317.978	310.919	
	333	318.346	312.049	
	334	318.344	312.528	
	335	318.021	313.333	
	336	317.809	313.609	
	337	317.489	313.765	
	338	317.374	313.421	
	339	317.396	313.303	
	340	317.459	313.532	
	341	317.47	313.799	
	342	317.407	314.284	
	343	317.551	314.081	
	344	317.734	313.897	
	345	317.985	313.935	
	346	318.113	314.097	
	347	318.311	314.393	
	348	318.592	314.713	
	349	318.714	314.874	
	350	318.506	315.872	
	351	318.624	316.511	
	352	319.308	317.385	
	353	320.016	315.958	
	354	320.333	314.227	
	355	320.259	311.772	
	356	319.998	311.597	
	357	319.423	312.957	
	358	318.886	314.635	
	359	319.219	315.11	
	360	320.835	315.786	
	361	321.595	316.066	
	362	322.122	316.032	
	363	321.693	315.445	
	364	321.405	315.292	
	365	320.899	315.457	
	366	320.69	315.709	
	367	320.152	316.577	
	368	319.966	317.466	
	369	319.969	317.836	
	370	319.883	318.166	
	371	319.773	318.111	
	372	319.847	317.776	
	373	320.206	317.823	
	374	320.208	317.823	
	375	320.764	318.288	
	376	321.295	318.787	
	377	321.856	318.744	
	378	322.143	318.594	
	379	322.516	318.464	
	380	323.42	318.159	
	381	323.783	318.053	
	382	324.25	317.932	
	383	324.147	317.96	
	384	323.941	317.903	
	385	323.771	317.705	
	386	323.638	317.105	
	387	324.456	313.867	
	388	324.959	313.557	
	389	325.095	314.385	
	390	326.04	315.024	
	391	326.585	315.068	
	392	327.809	315.156	
	393	327.83	315.233	
	394	327.569	315.131	
	395	325.613	314.413	
	396	324.094	314.137	
	397	321.882	314.498	
	398	322.693	315.669	
	399	327.381	315.642	
	400	331.054	314.816	
	401	335.298	314.194	
	402	345.859	313.727	
	403	360.03	313.451	
	404	368.462	312.558	
	405	386.374	310.36	
	406	394.977	309.882	
	407	420.761	308.08	
	408	428.663	307.871	
	409	436.106	307.424	
	410	449.359	305.177	
	411	455.311	303.59	
	412	466.312	301.672	
	413	475.438	300.251	
	414	481.489	298.855	
	415	482.877	298.491	
	416	483.149	298.262	
	417	482.721	298.254	
	418	480.811	298.459	
	419	479.486	298.388	
	420	475.864	297.922	
	421	472.076	299.24	
	422	467.446	302.029	
	423	466.528	302.706	
	424	465.77	303.449	
	425	464.76	304.41	
	426	464.602	304.903	
	427	465.589	306.644	
	428	466.738	308.213	
	429	467.469	308.749	
	430	467.659	309.108	
	431	468.119	310.042	
	432	468.447	310.96	
	433	468.877	309.177	
	434	468.836	306.83	
	435	467.932	301.243	
	436	467.259	294.855	
	437	466.994	289.858	
	438	467.219	291.998	
	439	467.914	295.02	
	440	470.782	301.027	
	441	472.433	305.546	
	442	475.478	318.806	
	443	478.524	332.903	
	444	480.332	344.64	
	445	480.967	350.172	
	446	481.588	354.499	
	447	481.79	361.151	
	448	481.42	364.438	
	449	481.486	365.36	
	450	482.28	366.041	
	451	482.836	366.522	
	452	482.858	367.017	
	453	482.353	367.563	
	454	482.298	368.43	
	455	483.407	369.928	
	456	484.089	370.692	
	457	485.648	373.28	
	458	486.892	375.804	
	459	488.12	377.676	
	460	489.188	378.362	
	461	490.062	378.628	
	462	491.034	377.853	
	463	490.344	376.081	
	464	489.882	375.042	
	465	489.527	373.34	
	466	489.243	372.491	
	467	488.364	371.046	
	468	488.22	370.707	
	469	488.247	370.29	
	470	488.746	369.473	
	471	489.252	369.491	
	472	489.723	369.072	
	473	488.903	368.347	
	474	487.359	367.481	
	475	486.748	367.308	
	476	486.438	367.24	
	477	486.049	367.374	
	478	486.365	367.938	
	479	486.65	368.137	
	480	487.359	367.575	
	481	487.693	367.305	
	482	488.739	366.838	
	483	489.136	366.721	
	484	489.133	366.721	
	485	489.769	366.719	
	486	490.064	366.51	
	487	489.936	366.181	
	488	489.4	365.068	
	489	489.18	364.039	
	490	489.157	363.827	
	491	489.111	363.504	
	492	489.092	363.02	
	493	489.291	362.804	
	494	489.345	362.925	
	495	489.634	363.403	
	496	489.757	363.526	
	497	489.592	363.34	
	498	489.497	363.131	
	499	489.333	362.552	
	500	489.141	361.997	
	501	489.033	360.758	
	502	489.966	359.448	
	503	490.626	359.06	
	504	491.072	358.566	
	505	490.356	357.752	
	506	490.045	357.502	
	507	490.001	357.538	
	508	489.961	358.287	
	509	490.302	359.251	
	510	490.438	359.134	
	511	490.749	358.62	
	512	491.275	359.007	
	513	491.604	359.283	
	514	492.548	359.218	
	515	492.921	358.897	
	516	493.465	358.093	
	517	493.698	357.266	
	518	493.575	357.088	
	519	494.151	356.207	
	520	494.707	354.958	
	521	494.722	354.423	
	522	494.674	353.867	
	523	494.601	353.323	
	524	494.204	352.58	
	525	493.746	352.137	
	526	493.546	352.065	
	527	492.351	352.25	
	528	491.862	352.459	
	529	491.454	352.753	
	530	491.543	353.328	
	531	492.053	353.334	
	532	493.095	352.962	
	533	493.732	352.645	
	534	494.495	351.266	
	535	495.239	350.163	
	536	498.871	358.246	
	537	495.493	349.985	
	538	496.062	350.446	
	539	496.258	350.856	
	540	496.651	351.422	
	541	496.908	351.465	
	542	497.326	350.758	
	543	497.462	350.643	
	544	497.564	350.482	
	545	497.55	350.517	
	546	497.526	350.928	
	547	497.46	351.967	
	548	497.548	352.464	
	549	497.719	353.048	
	550	498.05	353.844	
	551	497.578	357.766	
	552	498.321	354.293	
	553	498.515	355.033	
	554	498.571	355.217	
	555	498.622	355.468	
	556	498.632	355.589	
	557	498.1	356.069	
	558	498.236	356.121	
	559	498.752	357.079	
	560	498.9	357.466	
	561	498.953	358.208	
	562	498.822	358.235	
	563	498.744	358.146	
	564	498.26	357.574	
	565	497.648	356.921	
	566	497.438	356.623	
	567	497.177	356.263	
	568	497.191	356.255	
	569	497.555	356.261	
	570	497.856	356.3	
	571	497.481	355.887	
	572	497.469	355.586	
	573	497.25	355.673	
	574	497.381	355.878	
	575	497.194	356.134	
	576	497.445	356.737	
	577	497.603	357.807	
	578	498.129	358.267	
	579	498.555	359.186	
	580	498.784	360.277	
	581	498.788	361.055	
	582	499.14	362.616	
	583	498.409	363.263	
	584	497.395	363.628	
	585	496.711	363.785	
	586	495.742	364.026	
	587	495.367	363.999	
	588	494.734	364.041	
	589	494.466	363.1	
	590	494.449	362.818	
	591	494.535	362.433	
	592	494.535	362.433	


End of Keyframe Data
